% -------------------------------------------------------------------
%  Generated by MATLAB on 14-Jul-2022 13:35:25
%  MATLAB version: 9.12.0.1975300 (R2022a) Update 3
% -------------------------------------------------------------------
                                  

F = complex([0.8232051156250394 -0.00034290296161728631 0.022870075365251652 0.025120486996783528 ...
             -0.00675757122874165 0.012822339121345722 0.017490846782960069 ...
             0.039343001371295615 0.038444574613230927 0.01681810588788606 ...
             -0.10845730118018942 0.014580718879449443 0.029704605957052422 ...
             0.021074549814052389 0.024498856598691027 0.016119411286512654 ...
             0.043311874688868462 0.01491968342565436 0.027136337990885207 ...
             0.045368705815543107 0.14371106949912818 -0.038830671456597722 ...
             -0.011051779326123033 -0.0066130478049932287 0.0030938182480948861 ...
             0.023178270469517724 -0.02653116227630023 0.003802044464752896 ...
             -0.02668277329227112 0.0088386261675062212 -0.019514706226240613 ...
             0.010459939784095658 0.009687259293533635 -0.0033600997078560412 ...
             -0.00210469617479756 -0.014612891882749991 0.0085381191892011862 ...
             0.020085134501841968 -0.018863620848824682 0.017181713055729877 ...
             0.0083001201603636957 -0.00227433301687752 0.025840434849262187 ...
             0.01011105757833807 -0.010069100125279553 0.013685876301324142 ...
             0.0035205569888945541 -0.0065600496293591257 0.0076406344651869639 ...
             0.021963136587008502 0.014026651458902108 0.021963136587008502 ...
             0.0076406344651869639 -0.0065600496293591257 0.0035205569888945541 ...
             0.013685876301324142 -0.010069100125279553 0.01011105757833807 ...
             0.025840434849262187 -0.00227433301687752 0.0083001201603636957 ...
             0.017181713055729877 -0.018863620848824682 0.020085134501841968 ...
             0.0085381191892011862 -0.014612891882749991 -0.00210469617479756 ...
             -0.0033600997078560412 0.009687259293533635 0.010459939784095658 ...
             -0.019514706226240613 0.0088386261675062212 -0.02668277329227112 ...
             0.003802044464752896 -0.02653116227630023 0.023178270469517724 ...
             0.0030938182480948861 -0.0066130478049932287 -0.011051779326123033 ...
             -0.038830671456597722 0.14371106949912818 0.045368705815543107 ...
             0.027136337990885207 0.01491968342565436 0.043311874688868462 ...
             0.016119411286512654 0.024498856598691027 0.021074549814052389 ...
             0.029704605957052422 0.014580718879449443 -0.10845730118018942 ...
             0.01681810588788606 0.038444574613230927 0.039343001371295615 ...
             0.017490846782960069 0.012822339121345722 -0.00675757122874165 ...
             0.025120486996783528 0.022870075365251652 -0.00034290296161728631 ...
             ],[0 -0.00031481580305615985 -0.010983027593903705 -0.021763859964666014 0.014674127338528718 -0.0020014233615700695 0.021446148364899779 0.011324641215667643 0.022876089763532937 0.020978971322857694 0.25679334535195542 -0.046907565286312326 -0.031933701324652189 -0.022259907900688575 0.0050819892401254094 0.001073857358026007 0.010181318733776501 -0.032743327061782887 -0.026895807218038918 0.021999658133049667 0.1376623992467674 -0.015238804750265556 -0.046322753161626019 -0.037754019887318975 -0.034490247023591422 -0.020475894137241778 -0.0091975392247454924 0.00047817017043977339 -0.010075505985743969 0.0058758800257655078 0.020232649768907134 -0.021014378384750777 -0.010723247956170372 -0.0058612179209003188 -0.0053779520194484889 -0.040432363667074214 0.037059577616026664 -0.028706724153572578 -0.015748407195618722 -0.012555517432855694 -0.0080652348009041929 0.025089634221979251 -0.0018510601812878047 -0.015005009660126434 0.023955488602026044 0.024093786982880151 -0.019546765090917108 -0.0030480145648175173 0.024536169141731387 -0.018026265583691026 0 0.018026265583691026 -0.024536169141731387 0.0030480145648175173 0.019546765090917108 -0.024093786982880151 -0.023955488602026044 0.015005009660126434 0.0018510601812878047 -0.025089634221979251 0.0080652348009041929 0.012555517432855694 0.015748407195618722 0.028706724153572578 -0.037059577616026664 0.040432363667074214 0.0053779520194484889 0.0058612179209003188 0.010723247956170372 0.021014378384750777 -0.020232649768907134 -0.0058758800257655078 0.010075505985743969 -0.00047817017043977339 0.0091975392247454924 0.020475894137241778 0.034490247023591422 0.037754019887318975 0.046322753161626019 0.015238804750265556 -0.1376623992467674 -0.021999658133049667 0.026895807218038918 0.032743327061782887 -0.010181318733776501 -0.001073857358026007 -0.0050819892401254094 0.022259907900688575 0.031933701324652189 0.046907565286312326 -0.25679334535195542 -0.020978971322857694 -0.022876089763532937 -0.011324641215667643 -0.021446148364899779 0.0020014233615700695 -0.014674127338528718 0.021763859964666014 0.010983027593903705 0.00031481580305615985]);

N = 100;

T = 10;

f = 10;

s = [1.73050232520479 1.09603941434845 0.288423054574195 -0.255839752838969 ...
     0.5547738325427 1.12707384252673 1.36791882739359 0.773651439730515 ...
     0.904345765322971 1.40450442554248 1.24863062026633 0.383357840610448 ...
     0.18066663457012 0.570274927018586 1.02715899489892 1.02763451094503 ...
     1.20534465765918 0.889963812263755 1.03984537831838 1.47460035424432 ...
     0.851258791453276 -0.06593909877256 -0.201628582571624 -0.168540888918822 ...
     1.1633701198013 1.24932745431303 1.20345507506523 0.943032866157985 ...
     0.851301644391137 1.38120738128024 0.822625392558362 0.364647697990242 ...
     -0.414242432993365 0.715917659557332 0.298936126137244 1.54362205450696 ...
     1.36009780858718 0.931383583588724 1.41766719745047 1.05014332702393 ...
     0.843733106636569 0.704217945101306 -0.234121281229474 0.413095625281261 ...
     1.26402051872877 1.25993754148954 1.213275752212 1.0418036309011 1.19068656338832 ...
     1.57084235206885 0.678987105010442 0.063901630385734 0.032773128440331 ...
     -0.082308329049969 0.608747838658007 1.63720119616101 1.27658851184848 ...
     0.82706027095726 1.19876631680607 1.2577124262558 0.925487933788402 ...
     0.060229004848731 0.054176412977698 0.53708314881298 1.14366714330001 ...
     1.29851434443413 1.26540816939203 0.968362248399642 1.43304287424637 ...
     1.4382612148631 0.738005072478622 -0.331108703067107 0.185501988879178 ...
     0.373873780403741 1.18218378026842 1.62538462971884 0.874154047563835 ...
     0.887551888873905 1.23150101232172 1.35899585512606 0.587498553826792 ...
     -0.525171236844627 -0.507498658557135 0.563686346380797 1.60808455804961 ...
     1.50112135079531 0.960791932029004 0.832271107788622 1.48231744333865 ...
     1.05702282612238 0.426372414677068 -0.466090451625455 -0.058656454164311 ...
     0.630171961570877 1.02957494916374 1.42163165808923 0.913388636164128 ...
     0.952177993714221 1.41267775332334 1.14542709923119];

